1.4185905456542969e-05
0.00014030933380126953
0.9364202469587326
0.9978023925796151
0.9999916139968263
0.9999916076285444
0.9999916139968263
0.9681502543389797
0.9999861101523493
0.9999915346652415
0.9999916015440249
0.9999916139968263
0.99999159078925
0.9863289697095752
0.9998547587892972
0.997938722372055
0.9996607115026563
0.9998762850882486
0.9996617362776306
0.9976424286141992
0.006329774856567383
0.0006654858589172363
0.018576085567474365
0.861835703253746
0.039948225021362305
0.40702974796295166
0.9479767009615898
0.03190422058105469
0.0009098052978515625
0.0068517327308654785
0.0015503168106079102
0.0052065253257751465
0.0012797117233276367
0.00011360645294189453
0.00040346384048461914
5.5909156799316406e-05
0.00014150142669677734
0.0006325840950012207
0.0005618929862976074
0.019720077514648438
0.1546308994293213
0.3772488236427307
0.003875911235809326
0.060306429862976074
0.7105125784873962
0.06882089376449585
0.002548038959503174
0.0020372867584228516
0.00335693359375
0.00013709068298339844
0.11391991376876831
0.6879855990409851
0.20639461278915405
0.00018662214279174805
8.952617645263672e-05
0.0001302957534790039
0.0065444111824035645
0.0008764863014221191
0.0030326247215270996
0.43118715286254883
0.1175767183303833
0.0005334019660949707
0.002667546272277832
0.0016235113143920898
0.00448530912399292
0.0021644234657287598
0.00013828277587890625
0.014285385608673096
0.001168668270111084
0.001643359661102295
0.8929831236600876
0.8248601406812668
0.01783883571624756
0.30841439962387085
0.22248166799545288
0.025004565715789795
0.9973685464356095
0.9990514388191514
0.9919100282713771
0.008914053440093994
0.9432272501289845
0.9917244939133525
0.9921290185302496
0.4277796149253845
0.001449882984161377
0.7328854501247406
0.007475554943084717
0.05263608694076538
0.7370896637439728
0.8574299365282059
0.0001628398895263672
0.0033202171325683594
0.5139408111572266
0.0023465752601623535
0.06849062442779541
0.0003657341003417969
0.01255720853805542
0.23110342025756836
0.006988823413848877
0.00036406517028808594
0.14237672090530396
0.1360524296760559
0.009308397769927979
0.000999748706817627
0.00023311376571655273
0.0012445449829101562
0.1453455090522766
0.19571012258529663
0.00844419002532959
0.013725221157073975
0.013966500759124756
0.677688330411911
0.05607187747955322
0.8504279404878616
0.8909568339586258
0.7315987944602966
0.00019222497940063477
0.5899463891983032
0.35826098918914795
0.0008038878440856934
0.0007143616676330566
0.0007187724113464355
0.0011823773384094238
0.007426738739013672
0.00024455785751342773
0.006140351295471191
0.0038367509841918945
0.6182372868061066
0.13771069049835205
0.003307342529296875
0.0027121305465698242
0.001641690731048584
0.014505386352539062
0.03407794237136841
0.0036003589630126953
0.01746046543121338
0.0045816898345947266
0.052117228507995605
0.4330935478210449
0.006273925304412842
0.0169258713722229
0.055172860622406006
0.00039058923721313477
0.0019291043281555176
0.0006232857704162598
0.10613685846328735
0.009885549545288086
0.0007888078689575195
0.0036719441413879395
0.001016080379486084
0.0014523863792419434
0.0012745261192321777
0.0037077665328979492
0.0007503628730773926
0.006436467170715332
0.7847224622964859
0.16623806953430176
0.011181652545928955
0.0011047720909118652
0.08328777551651001
0.02048778533935547
0.7599619477987289
0.9987709646811709
0.9979766001924872
0.011662304401397705
0.9261015579104424
0.7718514502048492
0.13425898551940918
0.0548022985458374
0.0038883090019226074
0.0008772015571594238
0.03126370906829834
0.07035303115844727
0.019276678562164307
0.0034235119819641113
0.0045476555824279785
0.042276203632354736
0.660797655582428
0.49254119396209717
0.0025129318237304688
0.036295294761657715
0.7244651317596436
0.5645986497402191
0.9189834296703339
0.10731464624404907
0.011090695858001709
0.4397971034049988
0.9773028995841742
0.7960014939308167
0.017086446285247803
0.8987730666995049
0.7495375871658325
0.361902117729187
0.0029988884925842285
0.0014786124229431152
0.0038745999336242676
0.007005751132965088
0.0016646981239318848
0.8810582458972931
0.014795541763305664
0.013979732990264893
0.031512677669525146
0.0012709498405456543
0.0009120702743530273
0.06229996681213379
0.001544952392578125
0.6623934805393219
0.0019773244857788086
0.014011561870574951
0.4387737512588501
0.05028557777404785
0.0014719963073730469
0.003718554973602295
0.006754934787750244
0.03447520732879639
0.000717461109161377
0.47830432653427124
0.5524574816226959
0.0022239089012145996
0.6328729391098022
0.044343650341033936
0.01246035099029541
0.0005724430084228516
0.0014280080795288086
0.001204848289489746
0.0068860650062561035
0.08785349130630493
0.8641110211610794
0.7247861623764038
0.21304577589035034
0.00031387805938720703
0.10587430000305176
0.04836004972457886
0.02195143699645996
0.0021372437477111816
0.026301085948944092
0.023832201957702637
0.01510477066040039
0.003020644187927246
0.030392467975616455
0.12033647298812866
0.023994088172912598
0.19509971141815186
0.885584257543087
0.024442315101623535
0.0011214613914489746
0.0009947419166564941
0.03310364484786987
0.026545047760009766
0.11394262313842773
0.007378697395324707
0.001145482063293457
0.14806777238845825
0.45937371253967285
0.5676659047603607
0.23602765798568726
0.9980124614667147
0.22831344604492188
0.6847823560237885
0.9846968287602067
0.7455255091190338
0.012580692768096924
0.03469538688659668
0.9882469177246094
0.8475950211286545
0.004126846790313721
0.8532119393348694
0.8630789667367935
0.7168082594871521
0.0023030638694763184
0.6860122382640839
0.8202319443225861
0.0027636289596557617
0.000877082347869873
0.00046503543853759766
0.00635141134262085
0.003013789653778076
0.0030556321144104004
0.0006512999534606934
0.7604299038648605
0.0803564190864563
0.0034365057945251465
0.8924281001091003
0.9848006330430508
0.01691305637359619
0.903139017522335
0.9219098910689354
0.01831984519958496
0.33595114946365356
0.22258424758911133
0.014074504375457764
0.0018655061721801758
0.21062958240509033
0.909225657582283
0.2995791435241699
0.044559597969055176
0.7202171087265015
0.00042062997817993164
0.5554405152797699
0.05057191848754883
0.002710580825805664
0.01396942138671875
0.2401137351989746
0.004798769950866699
0.0012226700782775879
0.018144428730010986
0.17434334754943848
0.8443505614995956
0.007048070430755615
0.149785578250885
0.4305236339569092
0.0014258623123168945
0.686908632516861
0.8206217736005783
0.00036716461181640625
0.049807071685791016
0.4489940404891968
0.0020578503608703613
0.8467960059642792
0.9366410151124
0.8054241687059402
0.03796011209487915
0.8290958404541016
0.9843925973400474
0.11197823286056519
0.927353523671627
0.9965666718780994
0.9930625185370445
0.11154240369796753
0.9694146830588579
0.841423973441124
0.00719141960144043
0.8884300142526627
0.9735730700194836
0.0012848377227783203
0.792833000421524
0.5453286170959473
0.027137160301208496
0.7951631993055344
0.014317095279693604
0.0015330910682678223
0.06967192888259888
0.0026549696922302246
0.04486018419265747
0.9354041889309883
0.06302374601364136
0.0037818551063537598
0.006674647331237793
0.0006787776947021484
0.9934311723336577
0.8489197492599487
0.8052340298891068
0.3906850814819336
0.004712224006652832
0.016017436981201172
0.2465609312057495
0.007793843746185303
0.006017029285430908
0.6233971416950226
0.2126399278640747
0.007365882396697998
0.012195825576782227
0.0063225626945495605
0.694387286901474
0.4709024429321289
0.3422929048538208
0.013200163841247559
0.01059567928314209
0.005783557891845703
0.6497043669223785
0.05563110113143921
0.0016712546348571777
0.0012415647506713867
0.9781035203486681
0.9834345914423466
0.11031544208526611
0.0009883642196655273
0.004506587982177734
0.07883018255233765
0.684994101524353
0.0167122483253479
0.7951777130365372
0.951857190579176
0.9922982761636376
0.9914647452533245
0.01243060827255249
0.9976441741455346
0.9855750110000372
0.08183521032333374
0.6883780658245087
0.9966692514717579
0.8988719806075096
0.20546114444732666
0.9969704647082835
0.9871768960729241
0.9866915941238403
0.999382039764896
0.05898559093475342
0.9976344364695251
0.8886610269546509
0.7442640364170074
0.9718034043908119
0.01313084363937378
0.9576801434159279
0.9624244943261147
0.025297343730926514
0.9971162385772914
0.9919961085543036
0.025911808013916016
0.9775289800018072
0.974535632878542
0.01163625717163086
0.7130955159664154
0.003023505210876465
0.3971002697944641
0.9645101763308048
0.007565975189208984
0.4545912742614746
0.37429577112197876
0.20140957832336426
0.07198166847229004
0.055069923400878906
0.0034003853797912598
0.1293448805809021
0.1610095500946045
0.02868032455444336
0.8918038681149483
0.29366177320480347
0.009004533290863037
0.11181962490081787
0.052120327949523926
0.216904878616333
0.731031745672226
0.2801063060760498
0.01992851495742798
0.33182334899902344
0.01941835880279541
0.9532419294118881
0.9586607627570629
0.4623696804046631
0.234657883644104
0.7476511597633362
0.8189759254455566
0.2704687714576721
0.9869982060045004
0.6149831712245941
0.8193609118461609
0.9868269329890609
0.01062929630279541
0.979759318754077
0.8220471292734146
0.17617440223693848
0.9316291213035583
0.991296255029738
0.4148126244544983
0.9995284486212768
0.2030760645866394
0.6962822079658508
0.997969524236396
0.7980887740850449
0.008803367614746094
0.035942137241363525
0.002539515495300293
0.05992919206619263
0.27441179752349854
0.06892216205596924
0.07147073745727539
0.9847562909126282
0.9924743478186429
0.07022279500961304
0.9988124350784346
0.9368728399276733
0.7632225602865219
0.9986715379636735
0.8190846890211105
0.1682034134864807
0.9980482688406482
0.6932896077632904
0.9964488679543138
0.09776192903518677
0.9859553622081876
0.999809126049513
0.7390116453170776
0.02399533987045288
0.5147927701473236
0.9590092413127422
0.06859248876571655
0.9855947513133287
0.9979146074037999
0.5879059731960297
0.14881771802902222
0.9970348263159394
0.9987039776751772
0.0036437511444091797
0.845649316906929
0.6508941650390625
0.8542517274618149
0.9877449488267303
0.99826720636338
0.2679300308227539
0.999741443694802
0.9965640811715275
0.05774348974227905
0.9994680734816939
0.47663670778274536
0.1954978108406067
0.21065056324005127
0.5293760597705841
0.015018463134765625
0.03904306888580322
0.9479761011898518
0.413632869720459
0.6486760079860687
0.9733011908829212
0.4888569116592407
0.05859655141830444
0.004806339740753174
0.017933130264282227
0.028265058994293213
0.01429140567779541
0.05498594045639038
0.016963303089141846
0.010548889636993408
0.08852952718734741
0.00579380989074707
0.01547926664352417
0.0031614303588867188
0.020489513874053955
0.22718191146850586
0.8814534917473793
0.7261135876178741
0.011848151683807373
0.3635484576225281
0.1412968635559082
0.0510215163230896
0.11998385190963745
0.0022947192192077637
0.00871741771697998
0.012736976146697998
0.15821009874343872
0.40419626235961914
0.01724410057067871
0.005918681621551514
0.016147911548614502
0.025650203227996826
0.16829955577850342
0.2681262493133545
0.701533854007721
0.7026084065437317
0.016041100025177002
0.37648916244506836
0.17439967393875122
0.9366792067885399
0.9900134596973658
0.20450949668884277
0.05092477798461914
0.21662390232086182
0.2161855697631836
0.02044546604156494
0.009244024753570557
0.012841284275054932
0.013496756553649902
0.06633037328720093
0.09777778387069702
0.7175723612308502
0.05125606060028076
0.07164102792739868
0.16471731662750244
0.023540854454040527
0.7852566242218018
0.8578387498855591
0.04326385259628296
0.16450273990631104
0.13058769702911377
0.023630917072296143
0.010644793510437012
0.09810453653335571
0.020833909511566162
0.07224792242050171
0.06809979677200317
0.027429282665252686
0.5332373380661011
0.2523524761199951
0.2503129243850708
0.03846257925033569
